2 25
13 25
9 18
10 9
9 18
12 26
11 13
12 13
11 27
3 1
12 12
6 2
12 5
9 22
4 17
13 17
3 2
12 5
10 11
12 20
15 26
6 12
6 20
5 20
13 16
12 23
5 17
13 3
12 17
10 20
12 18
2 25
12 19
8 9
7 5
0 4
12 2
2 21
0 29
9 3
15 20
11 5
12 14
12 6
8 30
2 28
13 9
13 13
8 4
8 5
1 24
2 6
10 26
7 23
6 25
8 16
14 10
10 5
3 14
2 23
5 20
9 9
2 27
1 12
15 6
15 7
9 15
9 20
1 28
3 8
9 22
13 25
5 12
14 17
9 21
14 12
9 5
1 6
14 16
2 2
3 19
3 14
14 8
12 0
11 8
7 6
8 15
15 17
3 9
1 19
7 0
4 9
2 26
8 1
6 12
0 24
3 2
12 9
7 22
10 28
15 8
2 12
0 28
9 19
7 20
1 6
13 4
15 8
5 20
9 13
1 25
7 19
9 15
1 3
7 2
15 27
2 30
0 25
15 25
12 17
8 29
9 24
12 2
1 28
7 19
14 24
4 24
10 22
0 18
11 12
1 7
7 27
7 27
5 8
1 15
0 3
0 28
9 30
0 17
4 11
7 29
14 25
14 10
7 24
6 25
8 12
0 17
0 30
13 18
8 29
11 21
14 27
4 3
10 13
7 23
10 29
15 12
12 20
9 2
14 7
8 23
15 12
1 19
5 11
2 5
9 30
0 0
14 19
4 17
6 11
13 17
9 28
6 15
0 17
9 22
8 13
7 9
1 3
5 26
7 10
0 13
5 23
8 5
12 8
13 1
13 2
4 12
3 23
6 29
15 25
9 6
14 2
0 13
9 9
9 12
5 29
1 23
7 15
14 27
0 16
6 7
12 27
14 5
10 10
5 28
13 17
7 26
4 26
8 2
10 16
9 11
4 28
1 16
12 19
2 27
7 30
12 12
12 29
15 0
10 14
0 25
15 19
5 18
14 14
8 8
2 14
7 23
15 29
10 18
9 9
10 25
12 11
8 30
11 10
4 29
3 15
8 5
13 26
11 6
1 1
1 10
9 10
12 20
11 3
5 22
3 17
10 12
6 3
2 18
6 21
1 7
2 9
9 20
4 23
1 26
10 25
15 18
15 3
4 30
3 18
15 23
3 12
4 13
4 8
6 1
8 10
12 17
13 29
5 11
9 14
10 7
4 26
4 17
8 21
7 16
11 12
14 6
2 25
12 26
7 14
15 15
9 27
8 7
6 8
12 13
10 25
12 3
4 25
10 0
7 23
0 11
3 10
0 22
1 4
0 6
0 15
12 1
6 25
12 20
8 13
9 13
10 30
3 1
6 27
12 9
14 30
3 19
6 8
2 15
4 1
6 1
14 4
2 17
0 5
13 26
11 2
9 29
3 17
15 4
0 22
15 0
8 22
5 3
7 1
0 6
15 16
15 29
2 29
4 26
8 20
2 29
14 28
3 1
10 26
13 17
10 14
7 20
15 13
7 6
8 9
9 16
7 17
14 26
12 23
0 25
9 4
3 17
13 6
0 26
15 11
7 27
15 0
11 27
12 17
4 22
7 2
2 16
11 15
2 1
3 19
1 13
0 19
3 19
3 3
15 4
1 28
6 25
13 22
12 10
2 28
13 1
1 8
6 30
1 18
6 15
7 17
6 2
13 7
8 27
13 1
1 19
5 1
11 4
13 13
3 12
10 27
10 9
4 0
6 13
8 14
1 30
8 4
2 18
14 30
0 24
7 23
4 15
1 16
2 16
15 8
6 23
11 14
9 25
1 22
6 20
5 15
9 4
8 2
14 21
4 29
2 25
8 24
7 2
11 3
4 8
2 18
14 20
15 28
4 28
12 28
15 21
6 15
12 29
14 3
6 1
13 3
4 16
6 2
1 12
6 3
6 7
11 9
2 5
10 14
12 18
2 20
10 15
13 26
9 6
4 11
6 4
5 10
2 12
12 10
5 5
8 14
7 29
9 14
7 2
7 21
3 12
1 28
3 23
14 11
15 6
6 28
13 13
11 5
15 16
5 19
6 16
11 2
9 2
9 8
13 17
3 29
3 28
8 6
4 26
10 18
8 20
7 13
15 27
3 1
14 9
5 21
14 15
5 21
15 28
7 4
5 2
15 7
8 28
11 5
8 5
8 30
10 25
11 22
10 25
1 24
3 21
0 9
7 10
0 22
3 26
14 14
13 20
8 15
10 24
15 29